id: 1681897935
type: node
latitude: 43.73833
longitude: 7.41894
postcode: "